1005121326
1135479186
1385336397
1741365998
1138350068
1268104901
1830415050
1925926223
1298014524
1033538216
1260511459
1003232068
1081061581
1006456671
1273706366
1149500602
1495730989
1290749001
1076097778
2033654942
1110634259
1383902625
1125415897
1338955047
1166009339
1052442079
1476412549
1127124436
1128013268
1791768480
1392929304
1067518509
1450419971
1139785114
1099472895
1164421737
1041246582
1097828077
1000675452
1068496529
1097039130
1353453796
1008427952
1119600202
1380409377
1562516016
2035070037
2010895052
1158270846
1857938544
1128603707
1065032037
1525119464
1005426627
1097322810
1483911446
1689936584
1008328378
1122248439
1291051923
1076809450
1180652880
1085466279
1082236609
1369525047
2021939897
1699670485
1788581676
1468765144
1326743154
1372353236
1763377895
1053663109
1137415515
1510258821
1195939513
1830602518
1399649026
1313323808
1333687306
1898482737
1464543941
1574108986
1885199109
1857179855
1461459469
1767811827
1584436405
1005121326
2033654942
1135479186
1385336397
1741365998
1138350068
1268104901
1830415050
1925926223
1298014524
1033538216
1260511459
1003232068
1081061581
1006456671
1273706366
1149500602
1495730989
1290749001
1076097778
1110634259
1383902625
1125415897
1338955047
1166009339
1052442079
1476412549
1127124436
1128013268
1791768480
1392929304
1067518509
1450419971
1139785114
1099472895
1164421737
1041246582
1097828077
1000675452
1068496529
1097039130
1353453796
1008427952
1119600202
1380409377
1562516016
2035070037
2010895052
1158270846
1857938544
1128603707
1065032037
1525119464
1005426627
1097322810
1483911446
1689936584
1008328378
1122248439
1291051923
1076809450
1180652880
1085466279
1082236609
1369525047
2021939897
1699670485
1788581676
1468765144
1326743154
1372353236
1763377895
1053663109
1137415515
1510258821
1195939513
1830602518
1399649026
1313323808
1333687306
1898482737
1464543941
1574108986
1885199109
1857179855
1461459469
1767811827
1584436405
1005121326
2033654942
1135479186
1385336397
1741365998
1138350068
1268104901
1830415050
1925926223
1298014524
1033538216
1260511459
1003232068
1081061581
1006456671
1273706366
1149500602
1495730989
1290749001
1076097778
1110634259
1383902625
1125415897
1338955047
1166009339
1052442079
1476412549
1127124436
1128013268
1791768480
1392929304
1067518509
1450419971
1139785114
1099472895
1164421737
1041246582
1097828077
1000675452
1068496529
1097039130
1353453796
1008427952
1119600202
1380409377
1562516016
2035070037
2010895052
1158270846
1857938544
1128603707
1065032037
1525119464
1005426627
1097322810
1483911446
1689936584
1008328378
1122248439
1291051923
1076809450
1180652880
1085466279
1082236609
1369525047
2021939897
1699670485
1788581676
1468765144
1326743154
1372353236
1763377895
1053663109
1137415515
1510258821
1195939513
1830602518
1399649026
1313323808
1333687306
1898482737
1464543941
1574108986
1885199109
1857179855
1461459469
1767811827
1584436405
1005121326
2033654942
1135479186
1385336397
1741365998
1138350068
1268104901
1830415050
1925926223
1298014524
1033538216
1260511459
1003232068
1081061581
1006456671
1273706366
1149500602
1495730989
1290749001
1076097778
1110634259
1383902625
1125415897
1338955047
1166009339
1052442079
1476412549
1127124436
1128013268
1791768480
1392929304
1067518509
1450419971
1139785114
1099472895
1164421737
1041246582
1097828077
1000675452
1068496529
1097039130
1353453796
1008427952
1119600202
1380409377
1562516016
2035070037
2010895052
1158270846
1857938544
1128603707
1065032037
1525119464
1005426627
1097322810
1483911446
1689936584
1008328378
1122248439
1291051923
1076809450
1180652880
1085466279
1082236609
1369525047
2021939897
1699670485
1788581676
1468765144
1326743154
1372353236
1763377895
1053663109
1137415515
1510258821
1195939513
1830602518
1399649026
1313323808
1333687306
1898482737
1464543941
1574108986
1885199109
1857179855
1461459469
1767811827
1584436405
1005121326
2033654942
1135479186
1385336397
1741365998
1138350068
1268104901
1830415050
1925926223
1298014524
1033538216
1260511459
1003232068
1081061581
1006456671
1273706366
1149500602
1495730989
1290749001
1076097778
1110634259
1383902625
1125415897
1338955047
1166009339
1052442079
1476412549
1127124436
1128013268
1791768480
1392929304
1067518509
1450419971
1139785114
1099472895
1164421737
1041246582
1097828077
1000675452
1068496529
1097039130
1353453796
1008427952
1119600202
1380409377
1562516016
2035070037
2010895052
1158270846
1857938544
1128603707
1065032037
1525119464
1005426627
1097322810
1483911446
1689936584
1008328378
1122248439
1291051923
1076809450
1180652880
1085466279
1082236609
1369525047
2021939897
1699670485
1788581676
1468765144
1326743154
1372353236
1763377895
1053663109
1137415515
1510258821
1195939513
1830602518
1399649026
1313323808
1333687306
1898482737
1464543941
1574108986
1885199109
1857179855
1461459469
1767811827
1584436405
1005121326
1380409377
2033654942
1135479186
1385336397
1741365998
1138350068
1268104901
1830415050
1925926223
1298014524
1033538216
1260511459
1003232068
1081061581
1006456671
1273706366
1149500602
1495730989
1290749001
1076097778
1110634259
1383902625
1125415897
1338955047
1166009339
1052442079
1476412549
1127124436
1128013268
1791768480
1392929304
1067518509
1450419971
1139785114
1099472895
1164421737
1041246582
1097828077
1000675452
1068496529
1097039130
1353453796
1008427952
1119600202
1562516016
2035070037
2010895052
1158270846
1857938544
1128603707
1065032037
1525119464
1005426627
1097322810
1483911446
1689936584
1008328378
1122248439
1291051923
1076809450
1180652880
1085466279
1082236609
1369525047
2021939897
1699670485
1788581676
1468765144
1326743154
1372353236
1763377895
1053663109
1137415515
1510258821
1195939513
1830602518
1399649026
1313323808
1333687306
1898482737
1464543941
1574108986
1885199109
1857179855
1461459469
1767811827
1584436405
1005121326
2033654942
1380409377
1135479186
1385336397
1741365998
1138350068
1268104901
1830415050
1925926223
1298014524
1033538216
1260511459
1003232068
1081061581
1006456671
1273706366
1149500602
1495730989
1290749001
1076097778
1110634259
1383902625
1125415897
1338955047
1166009339
1052442079
1476412549
1127124436
1128013268
1791768480
1392929304
1067518509
1450419971
1139785114
1099472895
1164421737
1041246582
1097828077
1000675452
1068496529
1097039130
1353453796
1008427952
1119600202
1562516016
2035070037
2010895052
1158270846
1857938544
1128603707
1065032037
1525119464
1005426627
1097322810
1483911446
1689936584
1008328378
1122248439
1291051923
1076809450
1180652880
1085466279
1082236609
1369525047
2021939897
1699670485
1788581676
1468765144
1326743154
1372353236
1763377895
1053663109
1137415515
1510258821
1195939513
1830602518
1399649026
1313323808
1333687306
1898482737
1464543941
1574108986
1885199109
1857179855
1461459469
1767811827
1584436405
1005121326
2033654942
1380409377
1135479186
1385336397
1741365998
1138350068
1268104901
1830415050
1925926223
1298014524
1033538216
1260511459
1003232068
1081061581
1006456671
1273706366
1149500602
1495730989
1290749001
1076097778
1110634259
1383902625
1125415897
1338955047
1166009339
1052442079
1476412549
1127124436
1128013268
1791768480
1392929304
1067518509
1450419971
1139785114
1099472895
1164421737
1041246582
1097828077
1000675452
1068496529
1097039130
1353453796
1008427952
1119600202
1562516016
2035070037
2010895052
1158270846
1857938544
1128603707
1065032037
1525119464
1005426627
1097322810
1483911446
1689936584
1008328378
1122248439
1291051923
1076809450
1180652880
1085466279
1082236609
1369525047
2021939897
1699670485
1788581676
1468765144
1326743154
1372353236
1763377895
1053663109
1137415515
1510258821
1195939513
1830602518
1399649026
1313323808
1333687306
1898482737
1464543941
1574108986
1885199109
1857179855
1461459469
1767811827
1584436405
